200 
  0  35  35  0  0  920  0
  1  18  18  17  185  195  10
  2  41  49  10  391  401  10
  3  35  17  7  50  60  10
  4  55  45  13  346  356  10
  5  55  20  19  149  159  10
  6  15  30  26  34  44  10
  7  25  30  3  99  109  10
  8  20  50  5  311  321  10
  9  10  43  9  325  335  10
  10  55  60  16  327  337  10
  11  30  60  16  354  364  10
  12  20  65  12  297  307  10
  13  50  35  19  293  303  10
  14  30  25  23  159  169  10
  15  15  10  20  32  42  10
  16  30  5  8  61  71  10
  17  10  20  19  75  85  10
  18  5  30  2  157  167  10
  19  20  40  12  317  327  10
  20  15  60  17  306  316  10
  21  45  65  9  356  366  10
  22  45  20  11  62  72  10
  23  45  10  18  97  107  10
  24  55  5  29  68  78  10
  25  65  35  3  383  393  10
  26  65  20  6  172  182  10
  27  45  30  17  132  142  10
  28  35  40  16  267  277  10
  29  41  37  16  269  279  10
  30  64  42  9  293  303  10
  31  40  60  21  301  311  10
  32  31  52  27  280  290  10
  33  35  69  23  371  381  10
  34  53  52  11  267  277  10
  35  65  55  14  347  357  10
  36  63  65  8  373  383  10
  37  2  60  5  271  281  10
  38  20  20  8  134  144  10
  39  5  5  16  83  93  10
  40  60  12  31  44  54  10
  41  40  25  9  85  95  10
  42  42  7  5  97  107  10
  43  24  12  5  31  41  10
  44  23  3  7  132  142  10
  45  11  14  18  69  79  10
  46  6  38  16  262  272  10
  47  2  48  1  347  357  10
  48  8  56  27  281  291  10
  49  13  52  36  395  405  10
  50  6  68  30  338  348  10
  51  47  47  13  354  364  10
  52  49  58  10  318  328  10
  53  27  43  9  282  292  10
  54  37  31  14  95  105  10
  55  57  29  18  140  150  10
  56  63  23  2  136  146  10
  57  53  12  6  130  140  10
  58  32  12  7  101  111  10
  59  36  26  18  200  210  10
  60  21  24  28  18  28  10
  61  17  34  3  162  172  10
  62  12  24  13  76  86  10
  63  24  58  19  288  298  10
  64  27  69  10  264  274  10
  65  15  77  9  303  313  10
  66  62  77  20  281  291  10
  67  49  73  25  357  367  10
  68  67  5  25  83  93  10
  69  56  39  36  372  382  10
  70  37  47  6  280  290  10
  71  37  56  5  412  422  10
  72  57  68  15  307  317  10
  73  47  16  25  35  45  10
  74  44  17  9  78  88  10
  75  46  13  8  149  159  10
  76  49  11  18  69  79  10
  77  49  42  13  303  313  10
  78  53  43  14  409  419  10
  79  61  52  3  326  336  10
  80  57  48  23  322  332  10
  81  56  37  6  412  422  10
  82  55  54  26  324  334  10
  83  15  47  16  285  295  10
  84  14  37  11  274  284  10
  85  11  31  7  101  111  10
  86  16  22  41  91  101  10
  87  4  18  35  94  104  10
  88  28  18  26  93  103  10
  89  26  52  9  304  314  10
  90  26  35  15  406  416  10
  91  31  67  3  325  335  10
  92  15  19  1  160  170  10
  93  22  22  2  18  28  10
  94  18  24  22  188  198  10
  95  26  27  27  100  110  10
  96  25  24  20  39  49  10
  97  22  27  11  135  145  10
  98  25  21  12  133  143  10
  99  19  21  10  58  68  10
  100  20  26  9  83  93  10
