200 
  0  35  35  0  0  920  0
  1  18  18  17  165  195  10
  2  41  49  10  230  460  10
  3  35  17  7  0  230  10
  4  55  45  13  230  460  10
  5  55  20  19  139  169  10
  6  15  30  26  0  230  10
  7  25  30  3  89  119  10
  8  20  50  5  230  460  10
  9  10  43  9  315  345  10
  10  55  60  16  317  347  10
  11  30  60  16  344  374  10
  12  20  65  12  287  317  10
  13  50  35  19  230  460  10
  14  30  25  23  149  179  10
  15  15  10  20  0  230  10
  16  30  5  8  51  81  10
  17  10  20  19  0  230  10
  18  5  30  2  147  177  10
  19  20  40  12  230  460  10
  20  15  60  17  230  460  10
  21  45  65  9  230  460  10
  22  45  20  11  0  230  10
  23  45  10  18  87  117  10
  24  55  5  29  58  88  10
  25  65  35  3  230  460  10
  26  65  20  6  156  186  10
  27  45  30  17  0  230  10
  28  35  40  16  257  287  10
  29  41  37  16  230  460  10
  30  64  42  9  230  460  10
  31  40  60  21  291  321  10
  32  31  52  27  230  460  10
  33  35  69  23  230  460  10
  34  53  52  11  257  287  10
  35  65  55  14  230  460  10
  36  63  65  8  363  393  10
  37  2  60  5  271  301  10
  38  20  20  8  0  230  10
  39  5  5  16  73  103  10
  40  60  12  31  34  64  10
  41  40  25  9  75  105  10
  42  42  7  5  87  117  10
  43  24  12  5  25  55  10
  44  23  3  7  0  230  10
  45  11  14  18  59  89  10
  46  6  38  16  259  289  10
  47  2  48  1  230  460  10
  48  8  56  27  230  460  10
  49  13  52  36  230  460  10
  50  6  68  30  328  358  10
  51  47  47  13  230  460  10
  52  49  58  10  230  460  10
  53  27  43  9  230  460  10
  54  37  31  14  85  115  10
  55  57  29  18  0  230  10
  56  63  23  2  126  156  10
  57  53  12  6  120  150  10
  58  32  12  7  0  230  10
  59  36  26  18  180  210  10
  60  21  24  28  0  230  10
  61  17  34  3  0  230  10
  62  12  24  13  0  230  10
  63  24  58  19  278  308  10
  64  27  69  10  230  460  10
  65  15  77  9  293  323  10
  66  62  77  20  279  309  10
  67  49  73  25  347  377  10
  68  67  5  25  73  103  10
  69  56  39  36  362  392  10
  70  37  47  6  270  300  10
  71  37  56  5  398  428  10
  72  57  68  15  230  460  10
  73  47  16  25  0  230  10
  74  44  17  9  0  230  10
  75  46  13  8  139  169  10
  76  49  11  18  0  230  10
  77  49  42  13  293  323  10
  78  53  43  14  399  429  10
  79  61  52  3  316  346  10
  80  57  48  23  312  342  10
  81  56  37  6  398  428  10
  82  55  54  26  230  460  10
  83  15  47  16  230  460  10
  84  14  37  11  230  460  10
  85  11  31  7  91  121  10
  86  16  22  41  0  230  10
  87  4  18  35  0  230  10
  88  28  18  26  83  113  10
  89  26  52  9  294  324  10
  90  26  35  15  230  460  10
  91  31  67  3  230  460  10
  92  15  19  1  0  230  10
  93  22  22  2  18  48  10
  94  18  24  22  169  199  10
  95  26  27  27  0  230  10
  96  25  24  20  0  230  10
  97  22  27  11  0  230  10
  98  25  21  12  0  230  10
  99  19  21  10  0  230  10
  100  20  26  9  73  103  10
