200 
  0  35  35  0  0  4000  0
  1  18  18  17  798  965  10
  2  41  49  10  3000  4000  10
  3  35  17  7  2000  3000  10
  4  55  45  13  3000  4000  10
  5  55  20  19  2678  2801  10
  6  15  30  26  0  1000  10
  7  25  30  3  415  514  10
  8  20  50  5  1000  2000  10
  9  10  43  9  1404  1481  10
  10  55  60  16  3400  3497  10
  11  30  60  16  1577  1632  10
  12  20  65  12  1206  1325  10
  13  50  35  19  3000  4000  10
  14  30  25  23  690  827  10
  15  15  10  20  32  243  10
  16  30  5  8  175  300  10
  17  10  20  19  272  373  10
  18  5  30  2  733  870  10
  19  20  40  12  1377  1434  10
  20  15  60  17  1269  1378  10
  21  45  65  9  3581  3666  10
  22  45  20  11  2000  3000  10
  23  45  10  18  2409  2494  10
  24  55  5  29  2206  2325  10
  25  65  35  3  3704  3847  10
  26  65  20  6  2817  2956  10
  27  45  30  17  2000  3000  10
  28  35  40  16  3104  3255  10
  29  41  37  16  3114  3255  10
  30  64  42  9  3190  3313  10
  31  40  60  21  3259  3354  10
  32  31  52  27  1000  2000  10
  33  35  69  23  3660  3777  10
  34  53  52  11  3045  3200  10
  35  65  55  14  3000  4000  10
  36  63  65  8  3686  3813  10
  37  2  60  5  1041  1208  10
  38  20  20  8  0  1000  10
  39  5  5  16  302  405  10
  40  60  12  31  2033  2224  10
  41  40  25  9  2360  2437  10
  42  42  7  5  2396  2511  10
  43  24  12  5  25  172  10
  44  23  3  7  620  705  10
  45  11  14  18  233  340  10
  46  6  38  16  1029  1189  10
  47  2  48  1  1515  1628  10
  48  8  56  27  1085  1250  10
  49  13  52  36  1000  2000  10
  50  6  68  30  1501  1540  10
  51  47  47  13  3000  4000  10
  52  49  58  10  3348  3453  10
  53  27  43  9  1000  2000  10
  54  37  31  14  2414  2489  10
  55  57  29  18  2641  2734  10
  56  63  23  2  2620  2739  10
  57  53  12  6  2585  2692  10
  58  32  12  7  421  530  10
  59  36  26  18  2849  2980  10
  60  21  24  28  0  1000  10
  61  17  34  3  721  862  10
  62  12  24  13  290  377  10
  63  24  58  19  1163  1302  10
  64  27  69  10  1034  1191  10
  65  15  77  9  1214  1333  10
  66  62  77  20  3049  3188  10
  67  49  73  25  3592  3693  10
  68  67  5  25  2294  2401  10
  69  56  39  36  3637  3752  10
  70  37  47  6  3162  3293  10
  71  37  56  5  3788  3968  10
  72  57  68  15  3268  3367  10
  73  47  16  25  2000  3000  10
  74  44  17  9  2308  2399  10
  75  46  13  8  2681  2802  10
  76  49  11  18  2000  3000  10
  77  49  42  13  3290  3373  10
  78  53  43  14  3817  3952  10
  79  61  52  3  3384  3499  10
  80  57  48  23  3388  3465  10
  81  56  37  6  3839  3968  10
  82  55  54  26  3411  3456  10
  83  15  47  16  1000  2000  10
  84  14  37  11  1000  2000  10
  85  11  31  7  436  511  10
  86  16  22  41  0  1000  10
  87  4  18  35  388  465  10
  88  28  18  26  420  447  10
  89  26  52  9  1279  1388  10
  90  26  35  15  1755  1920  10
  91  31  67  3  1392  1487  10
  92  15  19  1  0  1000  10
  93  22  22  2  18  181  10
  94  18  24  22  811  969  10
  95  26  27  27  0  1000  10
  96  25  24  20  0  1000  10
  97  22  27  11  0  1000  10
  98  25  21  12  612  673  10
  99  19  21  10  0  1000  10
  100  20  26  9  333  432  10
