200 
  0  35  35  0  0  4000  0
  1  18  18  17  725  965  10
  2  41  49  10  1000  2000  10
  3  35  17  7  0  1000  10
  4  55  45  13  1000  2000  10
  5  55  20  19  620  860  10
  6  15  30  26  0  1000  10
  7  25  30  3  345  585  10
  8  20  50  5  1000  2000  10
  9  10  43  9  1323  1563  10
  10  55  60  16  1329  1569  10
  11  30  60  16  1485  1725  10
  12  20  65  12  1146  1386  10
  13  50  35  19  1000  2000  10
  14  30  25  23  639  879  10
  15  15  10  20  0  1000  10
  16  30  5  8  118  358  10
  17  10  20  19  0  1000  10
  18  5  30  2  682  922  10
  19  20  40  12  1000  2000  10
  20  15  60  17  1000  2000  10
  21  45  65  9  1000  2000  10
  22  45  20  11  0  1000  10
  23  45  10  18  332  572  10
  24  55  5  29  146  386  10
  25  65  35  3  1000  2000  10
  26  65  20  6  716  956  10
  27  45  30  17  0  1000  10
  28  35  40  16  1060  1300  10
  29  41  37  16  1000  2000  10
  30  64  42  9  1000  2000  10
  31  40  60  21  1187  1427  10
  32  31  52  27  1000  2000  10
  33  35  69  23  1000  2000  10
  34  53  52  11  1024  1264  10
  35  65  55  14  1000  2000  10
  36  63  65  8  1630  1870  10
  37  2  60  5  1041  1281  10
  38  20  20  8  0  1000  10
  39  5  5  16  234  474  10
  40  60  12  31  33  273  10
  41  40  25  9  279  519  10
  42  42  7  5  334  574  10
  43  24  12  5  25  265  10
  44  23  3  7  0  1000  10
  45  11  14  18  167  407  10
  46  6  38  16  1029  1269  10
  47  2  48  1  1000  2000  10
  48  8  56  27  1000  2000  10
  49  13  52  36  1000  2000  10
  50  6  68  30  1401  1641  10
  51  47  47  13  1000  2000  10
  52  49  58  10  1000  2000  10
  53  27  43  9  1000  2000  10
  54  37  31  14  332  572  10
  55  57  29  18  0  1000  10
  56  63  23  2  560  800  10
  57  53  12  6  519  759  10
  58  32  12  7  0  1000  10
  59  36  26  18  740  980  10
  60  21  24  28  0  1000  10
  61  17  34  3  0  1000  10
  62  12  24  13  0  1000  10
  63  24  58  19  1113  1353  10
  64  27  69  10  1000  2000  10
  65  15  77  9  1154  1394  10
  66  62  77  20  1049  1289  10
  67  49  73  25  1523  1763  10
  68  67  5  25  228  468  10
  69  56  39  36  1575  1815  10
  70  37  47  6  1108  1348  10
  71  37  56  5  1728  1968  10
  72  57  68  15  1000  2000  10
  73  47  16  25  0  1000  10
  74  44  17  9  0  1000  10
  75  46  13  8  622  862  10
  76  49  11  18  0  1000  10
  77  49  42  13  1212  1452  10
  78  53  43  14  1730  1970  10
  79  61  52  3  1322  1562  10
  80  57  48  23  1307  1547  10
  81  56  37  6  1728  1968  10
  82  55  54  26  1000  2000  10
  83  15  47  16  1000  2000  10
  84  14  37  11  1000  2000  10
  85  11  31  7  354  594  10
  86  16  22  41  0  1000  10
  87  4  18  35  0  1000  10
  88  28  18  26  314  554  10
  89  26  52  9  1214  1454  10
  90  26  35  15  1000  2000  10
  91  31  67  3  1000  2000  10
  92  15  19  1  0  1000  10
  93  22  22  2  18  258  10
  94  18  24  22  729  969  10
  95  26  27  27  0  1000  10
  96  25  24  20  0  1000  10
  97  22  27  11  0  1000  10
  98  25  21  12  0  1000  10
  99  19  21  10  0  1000  10
  100  20  26  9  263  503  10
