200 
  0  40  50  0  0  960  0
  1  31  67  3  420  450  10
  2  25  85  20  240  480  10
  3  22  75  30  240  480  10
  4  22  85  10  240  480  10
  5  20  80  40  381  411  10
  6  20  85  20  240  480  10
  7  18  75  20  240  480  10
  8  15  75  20  240  480  10
  9  15  80  10  331  361  10
  10  10  35  20  91  121  10
  11  10  40  30  0  240  10
  12  8  40  40  59  89  10
  13  8  45  20  0  240  10
  14  5  35  10  142  172  10
  15  5  45  10  0  240  10
  16  2  40  20  58  88  10
  17  0  40  20  0  240  10
  18  0  45  20  0  240  10
  19  44  5  20  480  720  10
  20  42  10  40  480  720  10
  21  42  15  10  480  720  10
  22  40  5  10  480  720  10
  23  40  15  40  480  720  10
  24  38  5  30  65  95  10
  25  38  15  10  0  240  10
  26  35  5  20  154  184  10
  27  95  30  30  480  720  10
  28  95  35  20  480  720  10
  29  92  30  10  480  720  10
  30  90  35  10  480  720  10
  31  88  30  10  480  720  10
  32  88  35  20  480  720  10
  33  87  30  10  480  720  10
  34  85  25  10  480  720  10
  35  85  35  30  480  720  10
  36  67  85  20  720  960  10
  37  65  85  40  720  960  10
  38  65  82  10  720  960  10
  39  62  80  30  795  825  10
  40  60  80  10  720  960  10
  41  60  85  30  720  960  10
  42  58  75  20  720  960  10
  43  55  80  10  720  960  10
  44  55  85  20  720  960  10
  45  55  82  10  784  814  10
  46  20  82  10  240  480  10
  47  18  80  10  240  480  10
  48  2  45  10  0  240  10
  49  42  5  10  480  720  10
  50  42  12  10  480  720  10
  51  72  35  30  480  720  10
  52  55  20  19  480  720  10
  53  25  30  3  0  240  10
  54  20  50  5  331  361  10
  55  55  60  16  720  960  10
  56  30  60  16  380  410  10
  57  50  35  19  480  720  10
  58  30  25  23  0  240  10
  59  15  10  20  152  182  10
  60  10  20  19  0  240  10
  61  15  60  17  240  480  10
  62  45  65  9  720  960  10
  63  65  35  3  532  562  10
  64  65  20  6  480  720  10
  65  45  30  17  480  720  10
  66  35  40  16  0  240  10
  67  41  37  16  480  720  10
  68  64  42  9  550  580  10
  69  40  60  21  720  960  10
  70  31  52  27  281  311  10
  71  35  69  23  240  480  10
  72  65  55  14  720  960  10
  73  63  65  8  720  960  10
  74  2  60  5  240  480  10
  75  20  20  8  141  171  10
  76  5  5  16  0  240  10
  77  60  12  31  555  585  10
  78  23  3  7  150  180  10
  79  8  56  27  240  480  10
  80  6  68  30  329  359  10
  81  47  47  13  480  720  10
  82  49  58  10  720  960  10
  83  27  43  9  0  240  10
  84  37  31  14  0  240  10
  85  57  29  18  576  606  10
  86  63  23  2  480  720  10
  87  21  24  28  0  240  10
  88  12  24  13  90  120  10
  89  24  58  19  240  480  10
  90  67  5  25  480  720  10
  91  37  47  6  0  240  10
  92  49  42  13  480  720  10
  93  53  43  14  494  524  10
  94  61  52  3  720  960  10
  95  57  48  23  480  720  10
  96  56  37  6  480  720  10
  97  55  54  26  720  960  10
  98  4  18  35  0  240  10
  99  26  52  9  240  480  10
  100  26  35  15  77  107  10
