200 
  0  40  50  0  0  960  0
  1  31  67  3  420  450  10
  2  25  85  20  240  480  10
  3  22  75  30  240  480  10
  4  22  85  10  240  480  10
  5  20  80  40  381  411  10
  6  20  85  20  240  480  10
  7  18  75  20  335  365  10
  8  15  75  20  240  480  10
  9  15  80  10  331  361  10
  10  10  35  20  91  121  10
  11  10  40  30  119  149  10
  12  8  40  40  59  89  10
  13  8  45  20  0  240  10
  14  5  35  10  142  172  10
  15  5  45  10  35  65  10
  16  2  40  20  58  88  10
  17  0  40  20  72  102  10
  18  0  45  20  149  179  10
  19  44  5  20  87  117  10
  20  42  10  40  72  102  10
  21  42  15  10  122  152  10
  22  40  5  10  0  240  10
  23  40  15  40  92  122  10
  24  38  5  30  65  95  10
  25  38  15  10  148  178  10
  26  35  5  20  154  184  10
  27  95  30  30  0  240  10
  28  95  35  20  62  92  10
  29  92  30  10  62  92  10
  30  90  35  10  67  97  10
  31  88  30  10  74  104  10
  32  88  35  20  0  240  10
  33  87  30  10  131  161  10
  34  85  25  10  51  81  10
  35  85  35  30  0  240  10
  36  67  85  20  379  409  10
  37  65  85  40  283  313  10
  38  65  82  10  240  480  10
  39  62  80  30  315  345  10
  40  60  80  10  277  307  10
  41  60  85  30  325  355  10
  42  58  75  20  332  362  10
  43  55  80  10  273  303  10
  44  55  85  20  368  398  10
  45  55  82  10  304  334  10
  46  20  82  10  277  307  10
  47  18  80  10  353  383  10
  48  2  45  10  45  75  10
  49  42  5  10  0  240  10
  50  42  12  10  104  134  10
  51  72  35  30  0  240  10
  52  55  20  19  83  113  10
  53  25  30  3  0  240  10
  54  20  50  5  331  361  10
  55  55  60  16  379  409  10
  56  30  60  16  380  410  10
  57  50  35  19  130  160  10
  58  30  25  23  96  126  10
  59  15  10  20  152  182  10
  60  10  20  19  0  240  10
  61  15  60  17  395  425  10
  62  45  65  9  306  336  10
  63  65  35  3  52  82  10
  64  65  20  6  39  69  10
  65  45  30  17  53  83  10
  66  35  40  16  11  41  10
  67  41  37  16  133  163  10
  68  64  42  9  70  100  10
  69  40  60  21  384  414  10
  70  31  52  27  281  311  10
  71  35  69  23  420  450  10
  72  65  55  14  305  335  10
  73  63  65  8  240  480  10
  74  2  60  5  317  347  10
  75  20  20  8  141  171  10
  76  5  5  16  0  240  10
  77  60  12  31  75  105  10
  78  23  3  7  150  180  10
  79  8  56  27  330  360  10
  80  6  68  30  329  359  10
  81  47  47  13  192  222  10
  82  49  58  10  326  356  10
  83  27  43  9  0  240  10
  84  37  31  14  0  240  10
  85  57  29  18  96  126  10
  86  63  23  2  0  240  10
  87  21  24  28  87  117  10
  88  12  24  13  90  120  10
  89  24  58  19  307  337  10
  90  67  5  25  144  174  10
  91  37  47  6  86  116  10
  92  49  42  13  0  240  10
  93  53  43  14  14  44  10
  94  61  52  3  418  448  10
  95  57  48  23  0  240  10
  96  56  37  6  0  240  10
  97  55  54  26  240  480  10
  98  4  18  35  120  150  10
  99  26  52  9  240  480  10
  100  26  35  15  77  107  10
