200 
  0  40  50  0  0  960  0
  1  31  67  3  420  450  10
  2  25  85  20  385  415  10
  3  22  75  30  290  320  10
  4  22  85  10  349  379  10
  5  20  80  40  381  411  10
  6  20  85  20  281  311  10
  7  18  75  20  335  365  10
  8  15  75  20  319  349  10
  9  15  80  10  331  361  10
  10  10  35  20  91  121  10
  11  10  40  30  119  149  10
  12  8  40  40  59  89  10
  13  8  45  20  64  94  10
  14  5  35  10  142  172  10
  15  5  45  10  35  65  10
  16  2  40  20  58  88  10
  17  0  40  20  72  102  10
  18  0  45  20  149  179  10
  19  44  5  20  567  597  10
  20  42  10  40  552  582  10
  21  42  15  10  602  632  10
  22  40  5  10  547  577  10
  23  40  15  40  572  602  10
  24  38  5  30  65  95  10
  25  38  15  10  148  178  10
  26  35  5  20  154  184  10
  27  95  30  30  595  625  10
  28  95  35  20  542  572  10
  29  92  30  10  542  572  10
  30  90  35  10  547  577  10
  31  88  30  10  554  584  10
  32  88  35  20  541  571  10
  33  87  30  10  611  641  10
  34  85  25  10  531  561  10
  35  85  35  30  591  621  10
  36  67  85  20  859  889  10
  37  65  85  40  763  793  10
  38  65  82  10  844  874  10
  39  62  80  30  795  825  10
  40  60  80  10  757  787  10
  41  60  85  30  805  835  10
  42  58  75  20  812  842  10
  43  55  80  10  753  783  10
  44  55  85  20  848  878  10
  45  55  82  10  784  814  10
  46  20  82  10  277  307  10
  47  18  80  10  353  383  10
  48  2  45  10  45  75  10
  49  42  5  10  631  661  10
  50  42  12  10  584  614  10
  51  72  35  30  596  626  10
  52  55  20  19  563  593  10
  53  25  30  3  52  82  10
  54  20  50  5  331  361  10
  55  55  60  16  859  889  10
  56  30  60  16  380  410  10
  57  50  35  19  610  640  10
  58  30  25  23  96  126  10
  59  15  10  20  152  182  10
  60  10  20  19  42  72  10
  61  15  60  17  395  425  10
  62  45  65  9  786  816  10
  63  65  35  3  532  562  10
  64  65  20  6  519  549  10
  65  45  30  17  533  563  10
  66  35  40  16  11  41  10
  67  41  37  16  613  643  10
  68  64  42  9  550  580  10
  69  40  60  21  864  894  10
  70  31  52  27  281  311  10
  71  35  69  23  420  450  10
  72  65  55  14  785  815  10
  73  63  65  8  750  780  10
  74  2  60  5  317  347  10
  75  20  20  8  141  171  10
  76  5  5  16  74  104  10
  77  60  12  31  555  585  10
  78  23  3  7  150  180  10
  79  8  56  27  330  360  10
  80  6  68  30  329  359  10
  81  47  47  13  672  702  10
  82  49  58  10  806  836  10
  83  27  43  9  42  72  10
  84  37  31  14  35  65  10
  85  57  29  18  576  606  10
  86  63  23  2  567  597  10
  87  21  24  28  87  117  10
  88  12  24  13  90  120  10
  89  24  58  19  307  337  10
  90  67  5  25  624  654  10
  91  37  47  6  86  116  10
  92  49  42  13  647  677  10
  93  53  43  14  494  524  10
  94  61  52  3  898  928  10
  95  57  48  23  575  605  10
  96  56  37  6  514  544  10
  97  55  54  26  852  882  10
  98  4  18  35  120  150  10
  99  26  52  9  286  316  10
  100  26  35  15  77  107  10
