200 
  0  40  50  0  0  3840  0
  1  31  67  3  1770  1890  10
  2  25  85  20  1633  1753  10
  3  22  75  30  1112  1232  10
  4  22  85  10  1431  1551  10
  5  20  80  40  1604  1724  10
  6  20  85  20  1033  1153  10
  7  18  75  20  1348  1468  10
  8  15  75  20  1260  1380  10
  9  15  80  10  1327  1447  10
  10  10  35  20  371  491  10
  11  10  40  30  519  639  10
  12  8  40  40  195  315  10
  13  8  45  20  223  343  10
  14  5  35  10  653  773  10
  15  5  45  10  35  155  10
  16  2  40  20  174  294  10
  17  0  40  20  255  375  10
  18  0  45  20  703  823  10
  19  44  5  20  2255  2375  10
  20  42  10  40  2174  2294  10
  21  42  15  10  2457  2577  10
  22  40  5  10  2135  2255  10
  23  40  15  40  2295  2415  10
  24  38  5  30  201  321  10
  25  38  15  10  681  801  10
  26  35  5  20  784  904  10
  27  95  30  30  2449  2569  10
  28  95  35  20  2066  2186  10
  29  92  30  10  2069  2189  10
  30  90  35  10  2114  2234  10
  31  88  30  10  2166  2286  10
  32  88  35  20  2085  2205  10
  33  87  30  10  2541  2661  10
  34  85  25  10  2000  2120  10
  35  85  35  30  2407  2527  10
  36  67  85  20  3537  3657  10
  37  65  85  40  2923  3043  10
  38  65  82  10  3437  3557  10
  39  62  80  30  3158  3278  10
  40  60  80  10  2944  3064  10
  41  60  85  30  3209  3329  10
  42  58  75  20  3256  3376  10
  43  55  80  10  2913  3033  10
  44  55  85  20  3454  3574  10
  45  55  82  10  3097  3217  10
  46  20  82  10  997  1117  10
  47  18  80  10  1449  1569  10
  48  2  45  10  105  225  10
  49  42  5  10  2652  2772  10
  50  42  12  10  2360  2480  10
  51  72  35  30  2427  2547  10
  52  55  20  19  2246  2366  10
  53  25  30  3  175  295  10
  54  20  50  5  1335  1455  10
  55  55  60  16  3481  3601  10
  56  30  60  16  1559  1679  10
  57  50  35  19  2477  2597  10
  58  30  25  23  397  517  10
  59  15  10  20  782  902  10
  60  10  20  19  42  162  10
  61  15  60  17  1654  1774  10
  62  45  65  9  3138  3258  10
  63  65  35  3  2087  2207  10
  64  65  20  6  1959  2079  10
  65  45  30  17  2111  2231  10
  66  35  40  16  11  131  10
  67  41  37  16  2486  2606  10
  68  64  42  9  2188  2308  10
  69  40  60  21  3492  3612  10
  70  31  52  27  1117  1237  10
  71  35  69  23  1770  1890  10
  72  65  55  14  3121  3241  10
  73  63  65  8  2940  3060  10
  74  2  60  5  1246  1366  10
  75  20  20  8  645  765  10
  76  5  5  16  232  352  10
  77  60  12  31  2188  2308  10
  78  23  3  7  764  884  10
  79  8  56  27  1325  1445  10
  80  6  68  30  1312  1432  10
  81  47  47  13  2742  2862  10
  82  49  58  10  3235  3355  10
  83  27  43  9  152  272  10
  84  37  31  14  105  225  10
  85  57  29  18  2315  2435  10
  86  63  23  2  2264  2384  10
  87  21  24  28  349  469  10
  88  12  24  13  359  479  10
  89  24  58  19  1220  1340  10
  90  67  5  25  2633  2753  10
  91  37  47  6  359  479  10
  92  49  42  13  2639  2759  10
  93  53  43  14  1934  2054  10
  94  61  52  3  3688  3808  10
  95  57  48  23  2312  2432  10
  96  56  37  6  2020  2140  10
  97  55  54  26  3442  3562  10
  98  4  18  35  547  667  10
  99  26  52  9  1132  1252  10
  100  26  35  15  308  428  10
