200 
  0  40  50  0  0  3840  0
  1  31  67  3  1770  1890  10
  2  25  85  20  960  1920  10
  3  22  75  30  960  1920  10
  4  22  85  10  960  1920  10
  5  20  80  40  1604  1724  10
  6  20  85  20  960  1920  10
  7  18  75  20  960  1920  10
  8  15  75  20  960  1920  10
  9  15  80  10  1327  1447  10
  10  10  35  20  371  491  10
  11  10  40  30  0  960  10
  12  8  40  40  195  315  10
  13  8  45  20  0  960  10
  14  5  35  10  653  773  10
  15  5  45  10  0  960  10
  16  2  40  20  174  294  10
  17  0  40  20  0  960  10
  18  0  45  20  0  960  10
  19  44  5  20  1920  2880  10
  20  42  10  40  1920  2880  10
  21  42  15  10  1920  2880  10
  22  40  5  10  1920  2880  10
  23  40  15  40  1920  2880  10
  24  38  5  30  201  321  10
  25  38  15  10  0  960  10
  26  35  5  20  784  904  10
  27  95  30  30  1920  2880  10
  28  95  35  20  1920  2880  10
  29  92  30  10  1920  2880  10
  30  90  35  10  1920  2880  10
  31  88  30  10  1920  2880  10
  32  88  35  20  1920  2880  10
  33  87  30  10  1920  2880  10
  34  85  25  10  1920  2880  10
  35  85  35  30  1920  2880  10
  36  67  85  20  2880  3840  10
  37  65  85  40  2880  3840  10
  38  65  82  10  2880  3840  10
  39  62  80  30  3158  3278  10
  40  60  80  10  2880  3840  10
  41  60  85  30  2880  3840  10
  42  58  75  20  2880  3840  10
  43  55  80  10  2880  3840  10
  44  55  85  20  2880  3840  10
  45  55  82  10  3097  3217  10
  46  20  82  10  960  1920  10
  47  18  80  10  960  1920  10
  48  2  45  10  0  960  10
  49  42  5  10  1920  2880  10
  50  42  12  10  1920  2880  10
  51  72  35  30  1920  2880  10
  52  55  20  19  1920  2880  10
  53  25  30  3  0  960  10
  54  20  50  5  1335  1455  10
  55  55  60  16  2880  3840  10
  56  30  60  16  1559  1679  10
  57  50  35  19  1920  2880  10
  58  30  25  23  0  960  10
  59  15  10  20  782  902  10
  60  10  20  19  0  960  10
  61  15  60  17  960  1920  10
  62  45  65  9  2880  3840  10
  63  65  35  3  2087  2207  10
  64  65  20  6  1920  2880  10
  65  45  30  17  1920  2880  10
  66  35  40  16  0  960  10
  67  41  37  16  1920  2880  10
  68  64  42  9  2188  2308  10
  69  40  60  21  2880  3840  10
  70  31  52  27  1117  1237  10
  71  35  69  23  960  1920  10
  72  65  55  14  2880  3840  10
  73  63  65  8  2880  3840  10
  74  2  60  5  960  1920  10
  75  20  20  8  645  765  10
  76  5  5  16  0  960  10
  77  60  12  31  2188  2308  10
  78  23  3  7  764  884  10
  79  8  56  27  960  1920  10
  80  6  68  30  1312  1432  10
  81  47  47  13  1920  2880  10
  82  49  58  10  2880  3840  10
  83  27  43  9  0  960  10
  84  37  31  14  0  960  10
  85  57  29  18  2315  2435  10
  86  63  23  2  1920  2880  10
  87  21  24  28  0  960  10
  88  12  24  13  359  479  10
  89  24  58  19  960  1920  10
  90  67  5  25  1920  2880  10
  91  37  47  6  0  960  10
  92  49  42  13  1920  2880  10
  93  53  43  14  1934  2054  10
  94  61  52  3  2880  3840  10
  95  57  48  23  1920  2880  10
  96  56  37  6  1920  2880  10
  97  55  54  26  2880  3840  10
  98  4  18  35  0  960  10
  99  26  52  9  960  1920  10
  100  26  35  15  308  428  10
